 50.7500 9.1300 2 2 1 4 16.6440 46.7700 4
 54.7000 9.1100 2 3 1 4 18.2100 47.8200 3
 57.6600 11.5300 5 1 1 4 19.5360 46.4400 3
 56.4300 9.4500 1 1 1 3 18.7830 45.6300 5
 52.6900 8.4000 6 2 2 3 17.7600 49.1400 3
 55.2600 10.7300 2 5 1 2 18.6750 48.8400 6
 54.9900 9.8000 2 2 1 4 18.5940 47.5500 3
 54.0500 10.1000 2 4 2 4 18.3930 49.4850 3
 53.7900 10.4000 3 1 1 3 18.3930 47.6400 2
 51.0100 9.9900 0 3 2 3 17.1690 50.4450 3
 56.8800 10.4400 5 1 2 4 18.8490 51.9300 3
 52.1700 8.5000 1 3 2 4 17.1540 52.1850 4
 51.1400 8.7000 3 3 2 2 16.5930 50.1150 6
 51.8500 11.1600 4 2 2 4 17.0970 50.2650 3
 56.9900 11.1600 2 1 1 3 18.9480 47.2650 3
 57.2200 10.4500 2 2 1 3 19.2570 46.9200 4
 54.9600 11.0600 1 3 2 3 17.9700 53.3700 5
 54.7600 8.8300 1 1 1 3 18.3120 50.1000 2
 54.1100 10.6200 1 0 1 1 17.8980 48.3900 5
 54.7700 10.1100 1 4 1 1 18.3180 49.6350 2
 54.5900 9.2300 3 4 1 4 18.0630 45.7350 5
 57.8600 11.3600 3 3 1 3 18.2940 50.5800 4
 52.1200 10.0600 3 2 2 3 17.2200 49.0800 3
 55.4900 10.1300 2 2 2 4 18.4950 54.0300 4
 52.5000 9.9800 1 3 1 2 17.5650 49.5600 2
 54.4100 9.9400 2 1 1 4 18.3930 48.3150 3
 56.0700 10.6500 3 4 2 3 18.5040 53.4150 3
 55.2100 10.7900 1 0 2 2 18.5040 53.3400 4
 56.2700 10.5900 1 1 1 3 18.7170 47.8200 3
 52.7800 7.7800 2 0 1 2 17.1780 49.7250 4
 52.1000 9.3400 3 3 1 2 17.4630 49.0500 5
 56.8400 10.3000 1 3 1 4 18.9690 45.9600 3
 52.6300 9.7000 3 1 1 2 17.4060 47.8350 2
 56.4500 9.1300 4 4 1 4 18.7620 46.5600 2
 53.5000 9.4700 2 1 1 4 18.2070 50.2050 4
 54.4600 9.5000 2 3 1 4 17.4750 49.6800 2
 57.4100 11.0900 0 4 2 4 19.7220 54.3150 4
 54.0600 9.7900 2 2 2 3 18.5640 52.6650 3
 54.6500 10.1300 3 2 2 2 18.5280 54.5250 3
 53.2500 9.8700 3 1 1 4 17.6700 45.5550 2
 53.5800 9.9600 0 3 2 2 17.4570 47.8500 6
 55.3500 9.6100 4 1 2 1 18.1500 48.7800 3
 55.1100 9.6000 0 1 1 4 18.5700 49.2600 3
 55.5200 10.9400 2 1 1 4 18.4290 44.9250 3
 53.2300 10.1200 2 2 2 4 18.3780 48.0750 7
 57.2000 10.0400 3 1 2 4 19.2360 48.4500 7
 53.5100 9.0400 3 0 1 3 17.5710 50.4150 3
 54.6900 10.5100 1 2 1 2 17.5710 49.7250 3
 53.5700 9.5800 6 1 2 2 18.0180 51.4050 3
 51.5900 8.3100 1 1 2 1 16.9050 49.7250 3
 57.6300 10.6200 0 2 2 2 19.3620 51.4200 7
 53.3400 9.1400 2 4 2 2 17.7210 52.4550 4
 52.9600 9.7000 3 2 2 3 18.2460 49.4100 3
 57.6600 10.6800 4 2 2 1 19.3620 53.4000 3
 56.3900 10.5500 1 4 2 3 18.1890 52.6950 5
 53.1400 9.3900 5 2 2 4 17.5410 49.2600 4
 54.8400 9.2800 3 6 2 2 18.3390 52.6500 3
 55.6500 10.6900 4 2 1 3 18.6360 47.7600 2
 53.8000 10.1900 3 3 1 4 17.8500 51.0750 6
 54.9100 9.7700 3 2 1 3 18.1320 47.3250 3
 55.8200 9.3600 4 1 1 4 17.8860 47.9100 2
 54.9300 10.5400 2 0 2 1 18.7830 53.6850 3
 51.0200 9.7900 2 0 2 3 16.7460 50.3400 5
 56.5700 11.1500 5 3 1 4 18.9360 48.3600 2
 53.6000 9.1400 4 0 1 2 17.7450 48.7800 6
 56 9.8200 4 2 1 3 18.6540 46.1400 3
 56.3300 11.0100 4 0 1 4 19.1160 46.7550 4
 51.2000 10.2000 4 2 1 4 17.4600 46.3950 5
 57.0400 10.2200 2 2 1 2 18.9600 52.6650 3
 56.4800 10.4700 3 1 1 1 19.0170 46.1400 3
 53.1400 9.7700 2 0 2 4 17.8560 52.8450 3
 54.9700 10.7300 4 3 2 3 19.1250 51.2250 5
 54.0900 9.4900 5 3 2 4 17.8680 52.2750 7
 51.1200 7.2900 1 2 1 2 16.7190 47.4600 2
 57.9600 10.7600 3 4 2 3 18.3600 52.4850 7
 55.1900 10.6800 2 3 2 4 18.6060 51.9300 3
 55.8500 10.9400 2 3 1 4 19.0380 48.2400 2
 55.7800 9.5100 4 2 2 1 18.4770 53.9400 4
 56.4600 11.4400 2 3 1 1 19.1010 45.3000 2
 56.3000 11.8900 6 3 2 4 18.7710 47.4600 3
 56.5300 11.4100 2 1 2 2 19.4190 51.1950 4
 55.4800 8.7200 1 2 1 2 18.1620 50.3250 2
 55.4100 10.7200 3 2 2 4 18.0960 52.3950 5
 49.8600 7.4300 1 3 2 1 16.5390 49.1850 4
 53.4800 8.9600 5 2 1 1 17.7660 46.4550 2
 56.3200 9.2300 1 2 1 2 19.1190 45.9300 2
 56.7100 10.2200 4 2 1 1 18.2880 50.2050 6
 54.5500 11.4500 3 4 2 1 18.2640 52.3050 4
 55.1500 10.1400 1 3 1 2 17.9070 44.2800 2
 55.5600 10.1300 5 1 1 4 18.0480 50.2950 2
 55.4000 7.7400 2 1 2 3 18.2340 53.8950 3
 54.1800 11.7300 6 2 1 4 18.5520 50.1000 6
 53.1400 9.1200 5 7 2 4 17.8770 56.0250 6
 53.5700 10.9300 2 1 1 3 17.9310 48.3450 5
 55.6300 9.9200 3 0 2 2 18.5670 48.2250 3
 53.6900 8.7100 3 0 2 4 17.9310 51.0150 4
 54.1700 10.3700 4 4 2 2 18.2190 50.2650 3
 55.8400 10.2900 1 0 2 1 18.3210 49.9800 3
 56.6700 10.5400 2 2 1 3 19.1370 46.7250 2
 57.1400 10.0500 5 3 2 4 18.7830 50.2350 6
